0 1 1 
0.02040816327 0.9561967883 0.9561941841 
0.04081632653 0.9139950741 0.9139900837 
0.0612244898 0.8733330502 0.8733258791 
0.08163265306 0.8341514747 0.8341423165 
0.1020408163 0.7963935722 0.7963826092 
0.1224489796 0.7600049387 0.7599923429 
0.1428571429 0.7249334517 0.7249193849 
0.1632653061 0.691129183 0.6911137976 
0.1836734694 0.6585443153 0.6585277551 
0.2040816327 0.6271330631 0.6271154635 
0.2244897959 0.596851596 0.5968330843 
0.2448979592 0.5676579656 0.5676386622 
0.2653061224 0.5395120362 0.5394920543 
0.2857142857 0.5123754171 0.5123548636 
0.306122449 0.4862113995 0.4861903751 
0.3265306122 0.4609848945 0.4609634945 
0.3469387755 0.4366623755 0.4366406896 
0.3673469388 0.4132118216 0.4131899348 
0.387755102 0.3906026647 0.3905806573 
0.4081632653 0.3688057385 0.3687836866 
0.4285714286 0.3477932297 0.3477712055 
0.4489795918 0.3275386318 0.3275167039 
0.4693877551 0.3080167013 0.3079949348 
0.4897959184 0.2892034149 0.2891818719 
0.5102040816 0.2710759301 0.2710546699 
0.5306122449 0.2536125468 0.2535916262 
0.5510204082 0.2367926714 0.2367721449 
0.5714285714 0.2205967823 0.2205767024 
0.5918367347 0.2050063974 0.2049868147 
0.612244898 0.1900040435 0.1899850069 
0.6326530612 0.1755732269 0.1755547841 
0.6530612245 0.1616984061 0.1616806036 
0.6734693878 0.148364966 0.1483478492 
0.693877551 0.1355591931 0.1355428069 
0.7142857143 0.1232682534 0.1232526418 
0.7346938776 0.1114801703 0.1114653772 
0.7551020408 0.100183805 0.1001698741 
0.7755102041 0.08936883806 0.08935581283 
0.7959183673 0.07902575178 0.07901367609 
0.8163265306 0.06914581476 0.0691347328 
0.8367346939 0.05972106716 0.05971102365 
0.8571428571 0.05074430746 0.05073534788 
0.8775510204 0.04220908049 0.04220125121 
0.8979591837 0.03410966666 0.03410301514 
0.9183673469 0.02644107243 0.0264356474 
0.9387755102 0.01919902199 0.01919487363 
0.9591836735 0.01237995013 0.01237713026 
0.9795918367 0.005980996344 0.005979558594 
1 0 -6.628425937e-17 
