0 1 1 
0.02040816327 0.9561941839 0.9561941841 
0.04081632653 0.9139900833 0.9139900837 
0.0612244898 0.8733258785 0.8733258791 
0.08163265306 0.8341423158 0.8341423165 
0.1020408163 0.7963826083 0.7963826092 
0.1224489796 0.7599923418 0.7599923429 
0.1428571429 0.7249193837 0.7249193849 
0.1632653061 0.6911137963 0.6911137976 
0.1836734694 0.6585277538 0.6585277551 
0.2040816327 0.627115462 0.6271154635 
0.2244897959 0.5968330828 0.5968330843 
0.2448979592 0.5676386606 0.5676386622 
0.2653061224 0.5394920527 0.5394920543 
0.2857142857 0.5123548619 0.5123548636 
0.306122449 0.4861903734 0.4861903751 
0.3265306122 0.4609634927 0.4609634945 
0.3469387755 0.4366406878 0.4366406896 
0.3673469388 0.413189933 0.4131899348 
0.387755102 0.3905806555 0.3905806573 
0.4081632653 0.3687836848 0.3687836866 
0.4285714286 0.3477712036 0.3477712055 
0.4489795918 0.3275167021 0.3275167039 
0.4693877551 0.3079949329 0.3079949348 
0.4897959184 0.2891818701 0.2891818719 
0.5102040816 0.2710546681 0.2710546699 
0.5306122449 0.2535916245 0.2535916262 
0.5510204082 0.2367721432 0.2367721449 
0.5714285714 0.2205767007 0.2205767024 
0.5918367347 0.204986813 0.2049868147 
0.612244898 0.1899850053 0.1899850069 
0.6326530612 0.1755547826 0.1755547841 
0.6530612245 0.1616806021 0.1616806036 
0.6734693878 0.1483478478 0.1483478492 
0.693877551 0.1355428055 0.1355428069 
0.7142857143 0.1232526405 0.1232526418 
0.7346938776 0.111465376 0.1114653772 
0.7551020408 0.1001698729 0.1001698741 
0.7755102041 0.08935581174 0.08935581283 
0.7959183673 0.07901367508 0.07901367609 
0.8163265306 0.06913473187 0.0691347328 
0.8367346939 0.05971102282 0.05971102365 
0.8571428571 0.05073534713 0.05073534788 
0.8775510204 0.04220125056 0.04220125121 
0.8979591837 0.03410301459 0.03410301514 
0.9183673469 0.02643564695 0.0264356474 
0.9387755102 0.01919487328 0.01919487363 
0.9591836735 0.01237713003 0.01237713026 
0.9795918367 0.005979558474 0.005979558594 
1 0 -6.628425937e-17 
