-0.9542425094 -3.188802142 -5.79477699
-1.69019608 -4.656554695 -8.735866711
-1.949390007 -5.17492785 -9.772668473
-2.11058971 -5.497266476 -10.41752095
-2.227886705 -5.73186264 -10.88677526
-2.320146286 -5.91637429 -11.25611514
-2.396199347 -6.068477889 -11.55951686
-2.460897843 -6.197876532 -11.82159407
-2.517195898 -6.310468789 -12.04615837
-2.567026366 -6.410131609 -12.23232614
-2.611723308 -6.499523292 -12.43253697
-2.652246341 -6.580569401 -12.6168311
-2.689308859 -6.65469453 -12.73122364
-2.723455672 -6.722987335 -12.80077491
-2.755112266 -6.786301681 -13.05231485
-2.784617293 -6.845310287 -13.21108001
-2.812244697 -6.900565459 -13.55926338
-2.838219222 -6.952514402 -13.28249191
-2.862727528 -7.001530425 -13.22059048
-2.88592634 -7.04792912 -13.09335415
-2.907948522 -7.091972041 -13.59475429
-2.92890769 -7.133891205 -13.23443047
-2.948901761 -7.173879253 -12.98401046
-2.968015714 -7.212106545 -13.42954496
-2.986323777 -7.248723795 -13.6735564
-3.003891166 -7.283857722 -13.50588345
-3.020775488 -7.317627805 -12.65957276
-3.03702788 -7.350131645 -13.01556999
-3.052693942 -7.381463958 -12.86362669
-3.067814511 -7.411706785 -12.76918929
-3.082426301 -7.440927916 -13.22949525
-3.096562438 -7.469199641 -12.69392223
-3.110252917 -7.496581051 -13.18153508
-3.123524981 -7.523124432 -12.54196125
-3.136403448 -7.548884459 -12.75703356
-3.148910993 -7.57389693 -12.99722196
-3.161068385 -7.598209065 -12.69523484
-3.172894698 -7.621864148 -13.10363737
-3.184407485 -7.644890978 -13.06027371
-3.195622944 -7.667323191 -12.74494073
-3.206556044 -7.689189304 -13.24958181
-3.217220656 -7.710515636 -12.87378297
-3.22762965 -7.731335339 -12.67310188
-3.237794993 -7.751665489 -12.49114474
-3.247727833 -7.771532565 -12.71754898
-3.257438567 -7.790953362 -12.63935436
-3.266936911 -7.809949349 -13.40558651
-3.276231958 -7.828533728 -12.77018228
-3.285332228 -7.8467421 -12.68332916
-3.294245716 -7.864570527 -13.03031048
-3.302979937 -7.88203262 -12.57920053
-3.311541958 -7.899150938 -12.34955422
-3.31993844 -7.915945731 -12.29136014
-3.328175661 -7.932421371 -12.70539141
-3.336259552 -7.948595844 -12.42056366
-3.344195716 -7.964478209 -12.58315245
-3.351989455 -7.980056481 -13.10701711
-3.359645793 -7.995357175 -12.51023264
-3.367169489 -8.010417668 -12.71767481
-3.374565061 -8.025205329 -12.56987803
-3.3818368 -8.039762586 -12.66200146
-3.388988785 -8.054059099 -12.42902671
-3.396024897 -8.068134732 -12.4859102
-3.402948829 -8.081986762 -12.39864933
-3.409764104 -8.09560812 -12.48059217
-3.416474079 -8.109022601 -12.78815966
-3.423081958 -8.122242244 -12.88901006
-3.429590802 -8.135253912 -12.71704603
-3.436003536 -8.148073918 -12.71792657
-3.442322956 -8.160744474 -12.31540221
-3.448551739 -8.173188713 -12.71504005
-3.454692449 -8.185478804 -12.83798203
-3.460747542 -8.197537604 -12.31790132
-3.466719372 -8.209477151 -12.93092585
-3.472610198 -8.221331471 -12.39342873
-3.478422188 -8.232896129 -12.24983887
-3.484157424 -8.244414609 -12.49886958
-3.489817908 -8.255685614 -12.37894016
-3.495405563 -8.266932082 -12.56453827
-3.500922239 -8.277937626 -12.19149886
-3.506369717 -8.28878818 -12.25531587
-3.511749711 -8.299543633 -12.58075863
-3.517063873 -8.310248854 -12.59980927
-3.522313795 -8.320730696 -12.67675144
-3.527501011 -8.33112703 -12.36575804
-3.532627001 -8.341377788 -12.30108782
-3.537693194 -8.351388883 -12.68730068
-3.542700969 -8.361541966 -12.3053523
-3.547651658 -8.371443376 -12.61802998
-3.552546548 -8.381158956 -12.06199435
-3.557386882 -8.390865311 -12.19666259
-3.562173863 -8.400504231 -11.94246993
-3.566908655 -8.409845361 -12.30564459
-3.571592383 -8.419165672 -12.76692807
-3.576226137 -8.428497064 -12.28239952
-3.580810973 -8.43760381 -12.50418668
-3.585347911 -8.446750987 -12.85353042
-3.589837943 -8.455738326 -12.20562691
-3.594282029 -8.464668025 -12.57474059
-3.598681099 -8.473466329 -12.05378584
-3.603036056 -8.482038723 -12.70441382
-3.607347777 -8.490830336 -12.29705588
-3.611617111 -8.499295488 -12.24051161
-3.615844883 -8.507898461 -12.38721046
-3.620031895 -8.516215072 -12.1135433
-3.624178926 -8.524578597 -12.29098306
-3.628286731 -8.532565423 -11.86222007
-3.632356046 -8.540731057 -11.97363245
-3.636387586 -8.548862054 -12.30166688
-3.640382045 -8.556776985 -12.1998593
-3.644340099 -8.564943436 -11.80607966
-3.648262406 -8.572633209 -12.19337632
-3.652149605 -8.580334702 -12.60414791
-3.656002321 -8.588027245 -11.86318663
-3.659821158 -8.595769998 -12.09943419
-3.663606708 -8.603254373 -12.39319021
-3.667359546 -8.610743734 -11.99411899
-3.671080233 -8.618367462 -11.95216451
-3.674769314 -8.625549492 -12.58500288
-3.678427322 -8.632914687 -12.31505348
-3.682054777 -8.640226462 -12.36729984
-3.685652184 -8.647409288 -12.27766764
-3.689220037 -8.654192285 -12.21660244
-3.692758818 -8.661673586 -12.64072255
-3.696268997 -8.668568846 -12.59684545
-3.699751032 -8.675721382 -12.02262366
-3.703205371 -8.682533102 -12.0279644
-3.706632451 -8.689463047 -11.87587926
-3.710032699 -8.696153018 -11.67682016
-3.713406532 -8.703167364 -11.90593437
-3.716754357 -8.709430765 -12.22859651
-3.720076573 -8.716473144 -12.13030119
-3.723373567 -8.722966942 -12.52629296
-3.72664572 -8.729049353 -11.85224183
-3.729893404 -8.735969541 -12.12464307
-3.733116981 -8.742380199 -11.99974449
-3.736316808 -8.748635745 -11.91756189
-3.739493231 -8.75486075 -12.3835801
-3.74264659 -8.761273206 -11.80597169
-3.745777218 -8.767440615 -12.05209735
-3.74888544 -8.773985517 -12.20304124
-3.751971575 -8.780229595 -11.89076871
-3.755035934 -8.786112263 -11.91652624
-3.758078822 -8.792203748 -12.73974592
-3.761100539 -8.798121383 -11.67608768
-3.764101376 -8.804172335 -11.91549306
-3.767081621 -8.810674649 -11.74655172
-3.770041554 -8.816414773 -12.23741874
-3.77298145 -8.821982992 -12.09767971
-3.775901579 -8.828201517 -12.21225749
-3.778802204 -8.83352045 -11.79961833
-3.781683585 -8.839678819 -11.83838064
-3.784545974 -8.844979623 -11.46930143
-3.787389621 -8.850700054 -12.11706446
-3.79021477 -8.856871697 -12.29041806
-3.79302166 -8.862534284 -12.41313534
-3.795810525 -8.867601131 -11.98308199
-3.798581595 -8.873029311 -11.70619959
-3.801335096 -8.87868656 -12.36097146
-3.804071249 -8.883474988 -12.4198658
-3.806790272 -8.889700546 -11.54112236
-3.809492377 -8.895450043 -11.93240893
-3.812177774 -8.901120868 -11.78810045
-3.814846669 -8.905308586 -11.83774967
-3.817499262 -8.910839552 -11.85511631
-3.820135752 -8.91642001 -12.16370672
-3.822756333 -8.921726133 -11.77154781
-3.825361196 -8.92669185 -12.29897119
-3.827950528 -8.932475541 -11.68452847
-3.830524514 -8.937491354 -12.2083449
-3.833083334 -8.942551644 -11.91871996
-3.835627166 -8.947260597 -12.52178077
-3.838156185 -8.952332646 -11.67115285
-3.840670561 -8.957608093 -12.2062079
-3.843170465 -8.961856629 -11.72780948
-3.84565606 -8.967637796 -12.04680233
-3.848127511 -8.971995764 -12.32640526
-3.850584976 -8.977145117 -12.16968732
-3.853028615 -8.981579816 -11.93381428
-3.85545858 -8.985533465 -11.60858907
-3.857875026 -8.991828444 -11.7379621
-3.8602781 -8.996063967 -11.96429532
-3.86266795 -9.000690803 -12.21891104
-3.865044722 -9.006459775 -11.82013375
-3.867408557 -9.010774771 -12.07647029
-3.869759595 -9.015854877 -12.02034389
-3.872097974 -9.021004195 -11.92257574
-3.874423831 -9.024525222 -11.56736016
-3.876737297 -9.029058575 -12.29998011
-3.879038505 -9.033334579 -12.16272375
-3.881327584 -9.038710471 -11.4560449
-3.883604661 -9.043338652 -11.83738478
-3.885869861 -9.047369046 -12.08022393
-3.888123307 -9.052274522 -11.70270832
-3.890365121 -9.056461633 -11.84285691
-3.892595423 -9.061814416 -11.57616461
-3.894814329 -9.066571832 -11.6358588
-3.897021956 -9.069989769 -12.21155062
-3.899218418 -9.075229235 -12.58854056
-3.901403827 -9.078883277 -12.33706524
-3.903578294 -9.082853509 -12.21375356
-3.905741927 -9.085794971 -11.86794525
-3.907894835 -9.091007928 -12.01494574
-3.910037124 -9.096008003 -12.19439354
-3.912168896 -9.099291876 -11.94063662
-3.914290256 -9.104774021 -11.65173956
-3.916401304 -9.108134852 -11.84263032
-3.91850214 -9.11391128 -11.65712472
-3.920592862 -9.116295577 -11.61852048
-3.922673568 -9.119269839 -11.60264859
-3.924744352 -9.125103889 -11.52953674
-3.92680531 -9.12821178 -11.36323573
-3.928856534 -9.133336438 -11.86394381
-3.930898114 -9.137125054 -11.56603567
-3.932930143 -9.141291832 -11.69873859
-3.934952708 -9.144545902 -11.68395751
-3.936965897 -9.150764036 -11.87836817
-3.938969797 -9.154340498 -11.96323077
-3.940964493 -9.159482442 -11.60071199
-3.94295007 -9.16344693 -11.6492814
-3.94492661 -9.166617972 -11.73797528
-3.946894195 -9.16846338 -11.3559415
-3.948852906 -9.17380863 -11.90297425
-3.950802823 -9.178960575 -11.97254479
-3.952744024 -9.181274103 -11.76842481
-3.954676587 -9.18689004 -12.19013342
-3.956600588 -9.190530599 -11.67448966
-3.958516103 -9.19006059 -11.96910716
-3.960423207 -9.197104955 -11.51718805
-3.962321973 -9.200421115 -11.76892015
-3.964212473 -9.205866689 -11.64692262
-3.966094779 -9.20571157 -11.47439592
-3.967968963 -9.210197811 -11.73710583
-3.969835093 -9.216340319 -11.89957478
-3.971693239 -9.220059919 -11.75438244
-3.973543469 -9.226324033 -11.96545155
-3.975385849 -9.229527066 -11.53198352
-3.977220447 -9.229207737 -11.97321293
-3.979047327 -9.23739917 -12.17011513
-3.980866555 -9.237055442 -11.2905263
-3.982678193 -9.240984326 -11.30237728
-3.984482306 -9.242705766 -11.75899451
-3.986278956 -9.24941151 -11.76856628
-3.988068203 -9.250826772 -11.55399135
-3.98985011 -9.253350782 -11.84349536
-3.991624735 -9.259475561 -11.64281472
-3.993392137 -9.26142249 -11.72750043
-3.995152377 -9.265261373 -11.93092585
-3.996905511 -9.271447774 -11.61733023
-3.998651596 -9.274826243 -11.43974993
-4.000390689 -9.273135419 -11.66808839
-4.002122846 -9.277307337 -11.79316187
-4.003848122 -9.283162306 -11.96920821
-4.005566571 -9.288628586 -11.40794225
-4.007278247 -9.291283846 -11.65256204
-4.008983204 -9.294390041 -11.45318814
-4.010681493 -9.297188915 -11.84356262
-4.012373167 -9.299289514 -11.92973482
-4.014058277 -9.304001601 -11.76536624
-4.015736874 -9.307283395 -11.61254232
-4.017409009 -9.308110564 -11.7566617
-4.019074729 -9.314469236 -11.34629378
-4.020734085 -9.319940026 -11.36407116
-4.022387126 -9.321368933 -11.84421895
-4.024033898 -9.323239466 -11.69468545
-4.025674449 -9.327467709 -11.96509546
-4.027308827 -9.331661925 -11.704365
-4.028937077 -9.33372883 -12.10778892
-4.030559245 -9.330697889 -11.53367732
-4.032175377 -9.34062143 -11.67429602
-4.033785517 -9.339757123 -11.65221554
-4.035389709 -9.347247035 -11.74218907
-4.036987998 -9.351635565 -11.76252436
-4.038580426 -9.35381638 -11.99545294
-4.040167036 -9.355504 -12.15366659
-4.041747872 -9.356692235 -11.60261963
-4.043322974 -9.365859299 -11.94445949
-4.044892383 -9.367251931 -11.60281278
-4.046456142 -9.36704324 -11.48326872
-4.048014291 -9.371588174 -11.85617104
-4.049566869 -9.37680073 -11.94701267
-4.051113917 -9.377978999 -11.72662598
-4.052655473 -9.381568919 -11.45744579
-4.054191577 -9.383207364 -11.71144006
-4.055722266 -9.387961219 -11.59410996
-4.05724758 -9.389909032 -11.71290635
-4.058767555 -9.395267203 -11.711651
-4.060282229 -9.399816564 -11.57958495
-4.061791639 -9.397078899 -12.20624667
-4.063295821 -9.403889272 -11.9336901
-4.064794811 -9.401898259 -11.30538152
-4.066288645 -9.406923406 -11.1513683
-4.067777359 -9.40745948 -11.46254915
-4.069260986 -9.418909199 -11.77314637
-4.070739563 -9.421729632 -11.36672172
-4.072213123 -9.418205017 -11.4655599
-4.073681699 -9.421370843 -11.14307844
-4.075145327 -9.430312268 -11.19068282
-4.076604039 -9.437351237 -11.58942013
-4.078057867 -9.437937543 -11.74770995
-4.079506845 -9.43489694 -11.84383176
-4.080951004 -9.438775845 -11.70363333
-4.082390378 -9.438222726 -11.65286546
-4.083824996 -9.450597779 -11.375481
-4.085254891 -9.444658299 -11.83871311
-4.086680094 -9.442713625 -11.85747135
-4.088100635 -9.451539039 -11.72281445
-4.089516544 -9.455387691 -11.18813974
-4.090927853 -9.454966187 -11.54469045
-4.09233459 -9.466252305 -11.26557854
-4.093736785 -9.458968432 -11.868889
-4.095134467 -9.461266629 -11.32546572
-4.096527666 -9.466358617 -11.65902267
-4.097916409 -9.469730194 -11.89776112
-4.099300726 -9.47511322 -11.480053
-4.100680645 -9.484715053 -11.96080096
-4.102056193 -9.481804223 -11.81552969
-4.103427397 -9.482734649 -11.46832936
-4.104794286 -9.486830539 -11.71436512
-4.106156887 -9.490416297 -11.32968917
-4.107515226 -9.497055145 -12.00349521
-4.108869329 -9.497468479 -11.53602334
-4.110219224 -9.486254701 -11.35776185
-4.111564935 -9.502433728 -11.43311171
-4.11290649 -9.503460645 -11.38472448
-4.114243914 -9.500554671 -11.84924993
-4.115577231 -9.510728573 -11.65482106
-4.116906468 -9.50150156 -11.81796431
-4.118231648 -9.511491141 -11.55928085
-4.119552798 -9.519600427 -11.31668996
-4.12086994 -9.51914454 -11.53736727
-4.1221831 -9.51958958 -11.11467827
-4.123492301 -9.519617654 -11.28398216
-4.124797568 -9.519549147 -11.97444999
-4.126098923 -9.521910881 -11.15424392
-4.127396391 -9.530870855 -11.73283658
-4.128689994 -9.529675808 -11.60913762
-4.129979755 -9.531036557 -11.72257892
-4.131265697 -9.539392651 -11.40762782
-4.132547842 -9.544306142 -11.68618733
-4.133826214 -9.543914334 -11.94861606
-4.135100834 -9.548563639 -11.26044982
-4.136371723 -9.554913021 -11.63425651
-4.137638905 -9.549791192 -11.33859766
-4.1389024 -9.552564519 -11.33210634
-4.14016223 -9.559972634 -11.7780789
-4.141418415 -9.551589598 -11.43813373
-4.142670978 -9.557453254 -10.79494589
-4.143919938 -9.566655459 -11.04254317
-4.145165317 -9.570087345 -11.08338474
-4.146407135 -9.563965136 -11.43512275
-4.147645413 -9.568024372 -11.29585356
-4.148880169 -9.580116656 -11.22937258
-4.150111425 -9.571974588 -11.33580975
-4.1513392 -9.584827954 -11.48670061
-4.152563514 -9.571318061 -11.52046017
-4.153784386 -9.583391362 -11.88274457
-4.155001836 -9.586316835 -11.07187459
-4.156215883 -9.593626871 -10.93534259
-4.157426545 -9.584293512 -11.65700432
-4.158633841 -9.599655708 -11.23500163
-4.159837791 -9.592521241 -11.32524644
-4.161038412 -9.602171542 -11.41964399
-4.162235724 -9.59493174 -11.14442785
-4.163429743 -9.595144759 -11.54367763
-4.164620489 -9.599539684 -11.62205032
-4.165807979 -9.604914856 -11.84418526
-4.166992231 -9.60058223 -11.20014205
-4.168173262 -9.618063897 -11.29087
-4.16935109 -9.619925457 -11.32151539
-4.170525733 -9.621167184 -11.66431024
-4.171697207 -9.635616311 -11.46055351
-4.17286553 -9.61606754 -11.42681813
-4.174030718 -9.621232084 -11.08598647
-4.175192788 -9.634138961 -11.55481225
-4.176351758 -9.620472325 -11.41167724
-4.177507642 -9.630585991 -11.38160496
-4.178660459 -9.633109197 -11.20093395
-4.179810223 -9.644291538 -11.7397062
-4.180956951 -9.63754331 -11.62696523
-4.18210066 -9.634049992 -11.39766041
-4.183241364 -9.644369661 -11.74088612
-4.184379081 -9.657185483 -11.36868933
-4.185513824 -9.63956373 -11.26149626
-4.186645611 -9.643866196 -11.37339131
-4.187774455 -9.639206644 -11.28236719
-4.188900373 -9.639442426 -11.46503907
-4.19002338 -9.65236104 -11.3810104
-4.19114349 -9.664216319 -11.22929491
-4.192260719 -9.655723491 -11.61285856
-4.193375081 -9.663181067 -11.65401602
-4.194486591 -9.662972648 -11.62108204
-4.195595263 -9.662970651 -11.44573698
-4.196701112 -9.673680684 -11.82904345
-4.197804153 -9.654867992 -10.9374103
-4.198904399 -9.680654207 -11.16388951
-4.200001865 -9.68067004 -12.1059235
-4.201096565 -9.6824843 -11.34350935
-4.202188512 -9.675750804 -11.71567845
-4.203277721 -9.684834413 -11.67858778
-4.204364205 -9.682720992 -11.4996992
-4.205447977 -9.692350302 -11.48284346
-4.206529052 -9.682160058 -11.42817295
-4.207607442 -9.688799886 -11.34619212
-4.208683161 -9.702417708 -11.37809293
-4.209756222 -9.69387005 -11.28365775
-4.210826639 -9.698565019 -10.98589673
-4.211894423 -9.683423238 -11.21798613
-4.212959589 -9.714590977 -11.41521253
-4.214022149 -9.718762722 -11.70705838
-4.215082115 -9.701792667 -11.89279813
-4.216139501 -9.704569723 -10.99875295
-4.217194318 -9.724209064 -11.04679696
-4.21824658 -9.721976185 -11.28790335
-4.219296298 -9.726417527 -11.56199833
-4.220343485 -9.684678089 -11.34880005
-4.221388153 -9.743452135 -11.07867234
-4.222430315 -9.742294405 -11.78396874
-4.223469981 -9.724479219 -11.24883293
-4.224507165 -9.70676792 -11.36437231
-4.225541877 -9.696743868 -11.40785591
-4.22657413 -9.72462101 -11.37077911
-4.227603936 -9.737220337 -11.49895324
-4.228631305 -9.767794984 -11.16870496
-4.22965625 -9.747144994 -11.52752583
-4.230678781 -9.734705166 -11.18204437
-4.231698911 -9.722799802 -10.76847432
-4.23271665 -9.767816029 -11.00422978
-4.233732009 -9.73669055 -10.92386459
-4.234745001 -9.745573408 -11.23569797
-4.235755635 -9.752560511 -11.1918887
-4.236763922 -9.735979176 -11.11189006
-4.237769874 -9.735266869 -10.82176036
-4.238773502 -9.754763724 -11.13169629
-4.239774815 -9.732472623 -11.49400762
-4.240773825 -9.750300853 -11.05387862
-4.241770543 -9.777215187 -11.39197577
-4.242764978 -9.732650002 -11.4609087
-4.243757141 -9.770213814 -11.33227211
-4.244747043 -9.762846669 -10.96016483
-4.245734693 -9.754306167 -11.4700337
-4.246720103 -9.78033264 -11.11727917
-4.247703282 -9.787899661 -11.23311716
-4.24868424 -9.788603058 -11.60820745
-4.249662987 -9.800315559 -11.41422275
-4.250639534 -9.748018206 -12.19224887
-4.25161389 -9.759003365 -11.33158355
-4.252586064 -9.793705302 -11.17819735
-4.253556067 -9.775394868 -11.03822532
-4.254523909 -9.758099381 -11.66587117
-4.255489598 -9.82730076 -11.39544952
-4.256453145 -9.7842104 -11.09451242
-4.257414559 -9.774979675 -11.30839197
-4.258373849 -9.789291124 -10.85017607
-4.259331025 -9.795992551 -11.47228443
-4.260286096 -9.807957315 -11.15180237
-4.261239071 -9.787903507 -11.18656618
-4.26218996 -9.801818618 -11.81546664
-4.263138771 -9.814508375 -10.9227331
-4.264085514 -9.831965683 -11.07029864
-4.265030198 -9.787965052 -11.16614917
-4.265972831 -9.84535353 -11.16368915
-4.266913422 -9.811370369 -10.96257559
-4.267851981 -9.832075724 -11.75177463
-4.268788516 -9.80429027 -11.91232936
-4.269723036 -9.843463583 -10.90351446
-4.270655549 -9.812608038 -11.19026416
-4.271586064 -9.815692732 -11.02012667
-4.27251459 -9.826034778 -11.57932864
-4.273441134 -9.815750142 -11.42596227
-4.274365706 -9.83574048 -11.76127034
-4.275288314 -9.837922763 -11.01126099
-4.276208967 -9.839227426 -11.08747009
-4.277127671 -9.845941379 -11.18876481
-4.278044437 -9.848758667 -10.87766547
-4.278959271 -9.852166527 -11.54449614
-4.279872182 -9.856566265 -11.52541101
-4.280783178 -9.84155906 -11.60657713
-4.281692267 -9.835078857 -10.93083333
-4.282599457 -9.8558329 -11.28885169
-4.283504757 -9.814877195 -11.01700669
-4.284408173 -9.884695707 -11.05269846
-4.285309713 -9.85978318 -11.44150541
-4.286209386 -9.84416152 -11.40206756
-4.287107199 -9.886170862 -11.22853122
-4.28800316 -9.864479035 -11.02131513
-4.288897276 -9.878380741 -11.3339749
-4.289789556 -9.864034234 -10.94690172
-4.290680005 -9.850114438 -11.59191884
-4.291568633 -9.875080032 -11.00215333
-4.292455447 -9.885092243 -11.15962447
-4.293340453 -9.876308989 -11.15952351
-4.294223659 -9.863176606 -11.61140774
-4.295105073 -9.87984389 -10.96391356
-4.295984701 -9.875675878 -11.03995841
-4.296862552 -9.875323664 -11.54845853
-4.297738632 -9.861282628 -11.10787235
-4.298612948 -9.866726043 -11.1883108
-4.299485507 -9.900214226 -10.9526247
-4.300356317 -9.883751507 -11.9731336
