-1 -2.77838 -2.47863 -1.43767 -2.92898 -1.46664 -1.30139 -3.60347 
-2 -4.77756 -4.47653 -2.45033 -4.85736 -2.45374 -2.30095 -7.35941 
-3 -6.92369 -6.32163 -3.50192 -4.88626 -3.46748 -3.32159 -7.35941 
-4 -inf -inf -3.39748 -3.9897 -3.70858 -7.35941 -7.35941 
-5 -inf -inf -2.65984 -3.10146 -2.42344 -7.35941 -7.35941 
-6 -inf -inf -2.08889 -2.08889 -2.08889 -7.35941 -7.35941 
-7 -inf -inf -0.314271 -0.728244 -0.954441 -7.35941 -7.35941 
-8 -inf -inf -0.150515 -0.150515 -0.150515 -7.35941 -7.35941 
-9 -inf -inf -0.150515 -0.150515 -0.150515 -7.35941 -7.35941 
-10 -inf -inf -0.150515 -0.150515 -0.150515 -7.35941 -7.35941 
-11 -inf -inf -0.150515 -0.150515 -0.150515 -7.35941 -7.35941 
-12 -inf -inf -0.150515 -0.150515 -0.150515 -7.35941 -7.35941 
-13 -inf -inf -0.150515 -0.150515 -0.150515 -7.35941 -7.35941 
-14 -inf -inf -0.150515 -0.150515 -0.150515 -7.35941 -7.35941 
-15 -inf -inf -0.150515 -0.150515 -0.150515 -7.35941 -7.35941 
-16 -inf -inf -0.150515 -0.150515 -0.150515 -7.35941 -7.35941 
-17 -inf -inf -0.150515 -0.150515 -0.150515 -7.35941 -7.35941 
-18 -inf -inf -0.150515 -0.150515 -0.150515 -7.35941 -7.35941 
-19 -inf -inf -0.150515 -0.150515 -0.150515 -7.35941 -7.35941 
-20 -inf -inf -0.150515 -0.150515 -0.150515 -7.35941 -7.35941 
